0.00157 15677.47036 0.00000 48875.81924 0.00000 218747.02761 0.00000
0.00314 15726.92744 0.00000 48745.53429 0.00000 219700.56051 0.00000
0.00471 15806.45331 0.00000 48535.28054 0.00000 221261.96799 0.00000
0.00628 15913.46625 0.00000 48250.12928 0.00000 223395.96218 0.00000
0.00785 16045.16392 0.00000 47895.12435 0.00000 226058.10620 0.00000
0.00942 16198.60504 0.00000 47475.31445 0.00000 229197.06853 0.00000
0.01100 16370.78595 0.00000 46995.78000 0.00000 232756.89423 0.00000
0.01257 16558.70928 0.00000 46461.65543 0.00000 236679.14273 0.00000
0.01414 16759.44306 0.00000 45878.14724 0.00000 240904.78702 0.00000
0.01571 16970.16976 0.00000 45250.54826 0.00000 245375.81596 0.00000
0.01728 17188.22556 0.00000 44584.24812 0.00000 250036.52335 0.00000
0.01885 17411.13045 0.00000 43884.73987 0.00000 254834.49762 0.00000
0.02042 17636.61037 0.00000 43157.62237 0.00000 259721.34585 0.00000
0.02199 17862.61276 0.00000 42408.59814 0.00000 264653.19510 0.00000
0.02356 18087.31673 0.00000 41643.46585 0.00000 269591.01596 0.00000
0.02513 18309.13906 0.00000 40868.10679 0.00000 274500.81055 0.00000
0.02670 18526.73699 0.00000 40088.46419 0.00000 279353.70099 0.00000
0.02827 18739.00877 0.00000 39310.51456 0.00000 284125.94837 0.00000
0.02985 18945.09256 0.00000 38540.22965 0.00000 288798.92507 0.00000
0.03142 19144.36422 0.00000 37783.52811 0.00000 293359.05762 0.00000
0.03299 19336.43443 0.00000 37046.21604 0.00000 297797.75172 0.00000
0.03456 19521.14533 0.00000 36333.91562 0.00000 302111.30680 0.00000
0.03613 19698.56679 0.00000 35651.98220 0.00000 306300.82386 0.00000
0.03770 19868.99238 0.00000 35005.41051 0.00000 310372.10742 0.00000
0.03927 20032.93506 0.00000 34398.73181 0.00000 314335.56005 0.00000
0.04084 20191.12235 0.00000 33835.90521 0.00000 318206.06615 0.00000
0.04241 20344.49089 0.00000 33320.20710 0.00000 322002.85989 0.00000
0.04398 20494.18019 0.00000 32854.12427 0.00000 325749.37145 0.00000
0.04555 20641.52521 0.00000 32439.25640 0.00000 329473.04444 0.00000
0.04712 20788.04765 0.00000 32076.23444 0.00000 333205.11744 0.00000
0.04869 20935.44542 0.00000 31764.66026 0.00000 336980.36222 0.00000
0.05027 21085.58022 0.00000 31503.07217 0.00000 340836.77193 0.00000
0.05184 21240.46283 0.00000 31288.93872 0.00000 344815.19390 0.00000
0.05341 21403.50940 0.00000 31115.85839 0.00000 348971.97708 0.00000
0.05498 21577.26628 0.00000 30978.01123 0.00000 353344.60046 0.00000
0.05655 21763.47560 0.00000 30870.16905 0.00000 357953.60953 0.00000
0.05812 21963.14303 0.00000 30787.68874 0.00000 362804.56438 0.00000
0.05969 22176.60871 0.00000 30726.49215 0.00000 367889.99987 0.00000
0.06126 22403.62109 0.00000 30683.03579 0.00000 373191.37274 0.00000
0.06283 22643.41277 0.00000 30654.27344 0.00000 378680.95787 0.00000
0.06440 22894.77661 0.00000 30637.61440 0.00000 384323.65255 0.00000
0.06597 23156.14052 0.00000 30630.87948 0.00000 390078.65175 0.00000
0.06754 23425.63916 0.00000 30632.25647 0.00000 395900.96722 0.00000
0.06912 23701.18105 0.00000 30640.25654 0.00000 401742.77031 0.00000
0.07069 23980.51002 0.00000 30653.67244 0.00000 407554.55197 0.00000
0.07226 24261.26017 0.00000 30671.53916 0.00000 413286.10100 0.00000
0.07383 24541.00395 0.00000 30693.09762 0.00000 418887.30854 0.00000
0.07540 24817.29321 0.00000 30717.76152 0.00000 424308.81190 0.00000
0.07697 25087.69370 0.00000 30745.08742 0.00000 429502.49388 0.00000
0.07854 25349.81307 0.00000 30774.74792 0.00000 434421.85472 0.00000
0.08011 25601.32311 0.00000 30806.50807 0.00000 439022.27364 0.00000
0.08168 25839.97667 0.00000 30840.20471 0.00000 443261.17602 0.00000
0.08325 26063.61992 0.00000 30875.72861 0.00000 447098.12041 0.00000
0.08482 26270.20056 0.00000 30913.00925 0.00000 450494.81786 0.00000
0.08639 26457.77242 0.00000 30952.00197 0.00000 453415.09383 0.00000
0.08796 26624.49709 0.00000 30992.67725 0.00000 455824.80089 0.00000
0.08954 26768.64289 0.00000 31035.01199 0.00000 457691.68846 0.00000
0.09111 26888.58160 0.00000 31078.98245 0.00000 458985.23385 0.00000
0.09268 26982.78323 0.00000 31124.55877 0.00000 459676.43712 0.00000
0.09425 27049.80899 0.00000 31171.70080 0.00000 459737.58032 0.00000
0.09582 27088.30275 0.00000 31220.35505 0.00000 459141.95000 0.00000
0.09739 27096.98098 0.00000 31270.45270 0.00000 457863.51972 0.00000
0.09896 27074.62116 0.00000 31321.90833 0.00000 455876.58733 0.00000
0.10053 27020.04888 0.00000 31374.61943 0.00000 453155.35865 0.00000
0.10210 26932.12313 0.00000 31428.46646 0.00000 449673.46633 0.00000
0.10367 26815.11772 0.00000 31482.97450 0.00000 445531.91443 0.00000
0.10524 26672.86690 0.00000 31537.73626 0.00000 440821.26876 0.00000
0.10681 26508.81962 0.00000 31592.40534 0.00000 435623.11829 0.00000
0.10838 26326.08450 0.00000 31646.68957 0.00000 430011.26440 0.00000
0.10996 26127.46761 0.00000 31700.34482 0.00000 424052.70141 0.00000
0.11153 25915.50455 0.00000 31753.16897 0.00000 417808.43412 0.00000
0.11310 25692.48793 0.00000 31804.99635 0.00000 411334.16643 0.00000
0.11467 25460.49124 0.00000 31855.69247 0.00000 404680.88582 0.00000
0.11624 25221.38955 0.00000 31905.14918 0.00000 397895.36360 0.00000
0.11781 24976.87777 0.00000 31953.28020 0.00000 391020.58153 0.00000
0.11938 24728.48671 0.00000 32000.01707 0.00000 384096.10039 0.00000
0.12095 24477.59734 0.00000 32045.30541 0.00000 377158.37539 0.00000
0.12252 24225.45340 0.00000 32089.10173 0.00000 370241.02544 0.00000
0.12409 23973.17266 0.00000 32131.37063 0.00000 363375.06238 0.00000
0.12566 23721.75676 0.00000 32172.08293 0.00000 356589.08580 0.00000
0.12723 23472.10032 0.00000 32211.21376 0.00000 349909.44029 0.00000
0.12881 23224.99899 0.00000 32248.74100 0.00000 343360.34032 0.00000
0.13038 22981.15670 0.00000 32284.64386 0.00000 336963.96583 0.00000
0.13195 22741.19206 0.00000 32318.90190 0.00000 330740.53069 0.00000
0.13352 22505.64404 0.00000 32351.49414 0.00000 324708.32695 0.00000
0.13509 22274.97712 0.00000 32382.39849 0.00000 318883.74771 0.00000
0.13666 22049.58578 0.00000 32411.59134 0.00000 313281.29202 0.00000
0.13823 21829.79864 0.00000 32439.04735 0.00000 307913.55550 0.00000
0.13980 21615.88214 0.00000 32464.73936 0.00000 302791.21090 0.00000
0.14137 21408.04397 0.00000 32488.63853 0.00000 297922.98312 0.00000
0.14294 21206.43621 0.00000 32510.71447 0.00000 293315.62358 0.00000
0.14451 21011.15838 0.00000 32530.93560 0.00000 288973.88885 0.00000
0.14608 20822.26027 0.00000 32549.26951 0.00000 284900.52842 0.00000
0.14765 20639.74483 0.00000 32565.68338 0.00000 281096.28630 0.00000
0.14923 20463.57097 0.00000 32580.14450 0.00000 277559.92041 0.00000
0.15080 20293.65641 0.00000 32592.62077 0.00000 274288.24298 0.00000
0.15237 20129.88062 0.00000 32603.08124 0.00000 271276.18437 0.00000
0.15394 19971.23339 0.00000 32611.34159 0.00000 268491.79478 0.00000
0.15551 19816.83348 0.00000 32617.25323 0.00000 265906.75155 0.00000
0.15708 19665.91969 0.00000 32620.70049 0.00000 263496.20281 0.00000
0.15865 19517.84158 0.00000 32621.59779 0.00000 261238.57009 0.00000
0.16022 19372.05014 0.00000 32619.88709 0.00000 259115.32122 0.00000
0.16179 19228.08852 0.00000 32615.53525 0.00000 257110.72372 0.00000
0.16336 19085.58295 0.00000 32608.53161 0.00000 255211.58769 0.00000
0.16493 18944.23395 0.00000 32598.88560 0.00000 253407.00530 0.00000
0.16650 18803.80795 0.00000 32586.62451 0.00000 251688.09595 0.00000
0.16808 18664.12930 0.00000 32571.79131 0.00000 250047.74981 0.00000
0.16965 18525.07280 0.00000 32554.44265 0.00000 248480.39101 0.00000
0.17122 18386.55666 0.00000 32534.64687 0.00000 246981.75125 0.00000
0.17279 18248.53607 0.00000 32512.48219 0.00000 245548.65884 0.00000
0.17436 18110.99668 0.00000 32488.03421 0.00000 244178.83728 0.00000
0.17593 17973.94759 0.00000 32461.39183 0.00000 242870.70805 0.00000
0.17750 17837.41668 0.00000 32432.64613 0.00000 241623.23543 0.00000
0.17907 17701.44663 0.00000 32401.88959 0.00000 240435.79002 0.00000
0.18064 17566.09128 0.00000 32369.21534 0.00000 239308.02858 0.00000
0.18221 17431.41253 0.00000 32334.71656 0.00000 238239.78952 0.00000
0.18378 17297.47753 0.00000 32298.48585 0.00000 237231.00345 0.00000
0.18535 17164.35639 0.00000 32260.61477 0.00000 236281.61783 0.00000
0.18692 17032.12005 0.00000 32221.19339 0.00000 235391.53490 0.00000
0.18850 16900.83864 0.00000 32180.30988 0.00000 234560.56191 0.00000
0.19007 16770.58001 0.00000 32138.05018 0.00000 233788.37255 0.00000
0.19164 16641.40862 0.00000 32094.49777 0.00000 233074.47862 0.00000
0.19321 16513.38462 0.00000 32049.73335 0.00000 232418.21086 0.00000
0.19478 16386.56311 0.00000 32003.83474 0.00000 231818.70782 0.00000
0.19635 16260.99370 0.00000 31956.87666 0.00000 231274.91189 0.00000
0.19792 16136.72016 0.00000 31908.93067 0.00000 230785.57131 0.00000
0.19949 16013.78022 0.00000 31860.06506 0.00000 230349.24734 0.00000
0.20106 15892.20550 0.00000 31810.34481 0.00000 229964.32551 0.00000
0.20263 15772.02159 0.00000 31759.83160 0.00000 229629.03030 0.00000
0.20420 15653.13549 0.00000 31708.51987 0.00000 229338.81569 0.00000
0.20577 15535.46788 0.00000 31656.41364 0.00000 229089.70907 0.00000
0.20735 15418.95185 0.00000 31603.52522 0.00000 228878.25233 0.00000
0.20892 15303.53157 0.00000 31549.87413 0.00000 228701.44522 0.00000
0.21049 15189.16110 0.00000 31495.48598 0.00000 228556.69162 0.00000
0.21206 15075.80320 0.00000 31440.39148 0.00000 228441.74899 0.00000
0.21363 14963.42829 0.00000 31384.62548 0.00000 228354.68116 0.00000
0.21520 14852.01343 0.00000 31328.22610 0.00000 228293.81466 0.00000
0.21677 14741.54137 0.00000 31271.23388 0.00000 228257.70250 0.00000
0.21834 14631.99971 0.00000 31213.69109 0.00000 228245.08008 0.00000
0.21991 14523.38007 0.00000 31155.64099 0.00000 228254.83605 0.00000
0.22148 14415.67741 0.00000 31097.12728 0.00000 228285.98297 0.00000
0.22305 14308.88940 0.00000 31038.19350 0.00000 228337.63120 0.00000
0.22462 14203.01585 0.00000 30978.88256 0.00000 228408.96616 0.00000
0.22619 14098.05818 0.00000 30919.23634 0.00000 228499.22853 0.00000
0.22777 13994.01902 0.00000 30859.29528 0.00000 228607.69739 0.00000
0.22934 13890.90182 0.00000 30799.09810 0.00000 228733.67612 0.00000
0.23091 13788.71052 0.00000 30738.68154 0.00000 228876.48068 0.00000
0.23248 13687.44930 0.00000 30678.08013 0.00000 229035.43022 0.00000
0.23405 13587.12234 0.00000 30617.32606 0.00000 229209.83978 0.00000
0.23562 13487.73366 0.00000 30556.44903 0.00000 229399.01480 0.00000
0.23719 13389.28698 0.00000 30495.47622 0.00000 229602.24732 0.00000
0.23876 13291.78562 0.00000 30434.43216 0.00000 229818.81362 0.00000
0.24033 13195.23240 0.00000 30373.33881 0.00000 230047.97313 0.00000
0.24190 13099.62963 0.00000 30312.21554 0.00000 230288.96844 0.00000
0.24347 13004.97907 0.00000 30251.07916 0.00000 230541.02615 0.00000
0.24504 12911.28191 0.00000 30189.94399 0.00000 230803.35853 0.00000
0.24662 12818.53879 0.00000 30128.82198 0.00000 231075.16577 0.00000
0.24819 12726.74982 0.00000 30067.72278 0.00000 231355.63866 0.00000
0.24976 12635.91460 0.00000 30006.65384 0.00000 231643.96163 0.00000
0.25133 12546.03226 0.00000 29945.62061 0.00000 231939.31602 0.00000
0.25290 12457.10150 0.00000 29884.62660 0.00000 232240.88347 0.00000
0.25447 12369.12239 0.00000 29823.65476 0.00000 232547.81020 0.00000
0.25604 12282.09250 0.00000 29762.68708 0.00000 232859.33625 0.00000
0.25761 12196.00711 0.00000 29701.70475 0.00000 233174.78418 0.00000
0.25918 12110.85956 0.00000 29640.68831 0.00000 233493.54870 0.00000
0.26075 12026.64147 0.00000 29579.61785 0.00000 233815.08710 0.00000
0.26232 11943.34303 0.00000 29518.47316 0.00000 234138.91049 0.00000
0.26389 11860.95324 0.00000 29457.23391 0.00000 234464.57584 0.00000
0.26546 11779.46016 0.00000 29395.87982 0.00000 234791.67885 0.00000
0.26704 11698.85121 0.00000 29334.39079 0.00000 235119.85098 0.00000
0.26861 11619.11324 0.00000 29272.74709 0.00000 235448.74672 0.00000
0.27018 11540.23286 0.00000 29210.92946 0.00000 235778.04207 0.00000
0.27175 11462.19658 0.00000 29148.91929 0.00000 236107.43008 0.00000
0.27332 11384.99099 0.00000 29086.69873 0.00000 236436.61705 0.00000
0.27489 11308.60299 0.00000 29024.25081 0.00000 236765.31930 0.00000
0.27646 11233.01984 0.00000 28961.55955 0.00000 237093.26038 0.00000
0.27803 11158.22941 0.00000 28898.61006 0.00000 237420.16885 0.00000
0.27960 11084.22021 0.00000 28835.38862 0.00000 237745.77641 0.00000
0.28117 11010.98152 0.00000 28771.88277 0.00000 238069.81652 0.00000
0.28274 10938.50352 0.00000 28708.08136 0.00000 238392.02331 0.00000
0.28431 10866.77731 0.00000 28643.97462 0.00000 238712.13090 0.00000
0.28588 10795.79500 0.00000 28579.55417 0.00000 239029.87292 0.00000
0.28746 10725.54972 0.00000 28514.81308 0.00000 239344.98234 0.00000
0.28903 10656.03569 0.00000 28449.74588 0.00000 239657.19148 0.00000
0.29060 10587.24820 0.00000 28384.34853 0.00000 239966.23227 0.00000
0.29217 10519.18364 0.00000 28318.61845 0.00000 240271.83653 0.00000
0.29374 10451.83944 0.00000 28252.55449 0.00000 240573.73656 0.00000
0.29531 10385.21410 0.00000 28186.15688 0.00000 240871.66570 0.00000
0.29688 10319.30708 0.00000 28119.42722 0.00000 241165.35903 0.00000
0.29845 10254.11884 0.00000 28052.36839 0.00000 241454.55412 0.00000
0.30002 10189.65071 0.00000 27984.98453 0.00000 241738.99182 0.00000
0.30159 10125.90486 0.00000 27917.28096 0.00000 242018.41708 0.00000
0.30316 10062.88419 0.00000 27849.26409 0.00000 242292.57975 0.00000
0.30473 10000.61475 0.00000 27780.95321 0.00000 242561.51147 0.00000
0.30631 9939.11764 0.00000 27712.36051 0.00000 242825.24264 0.00000
0.30788 9878.40951 0.00000 27643.49202 0.00000 243083.80125 0.00000
0.30945 9818.50305 0.00000 27574.34834 0.00000 243337.21189 0.00000
0.31102 9759.40741 0.00000 27504.92552 0.00000 243585.49491 0.00000
0.31259 9701.12866 0.00000 27435.21572 0.00000 243828.66565 0.00000
0.31416 9643.67017 0.00000 27365.20798 0.00000 244066.73384 0.00000
0.31573 9587.03301 0.00000 27294.88887 0.00000 244299.70307 0.00000
0.31730 9531.21639 0.00000 27224.24309 0.00000 244527.57351 0.00000
0.31887 9476.21781 0.00000 27153.25405 0.00000 244750.33546 0.00000
0.32044 9422.03346 0.00000 27081.90445 0.00000 244967.97229 0.00000
0.32201 9368.65853 0.00000 27010.17670 0.00000 245180.46028 0.00000
0.32358 9316.08742 0.00000 26938.05343 0.00000 245387.76870 0.00000
0.32515 9264.31400 0.00000 26865.51785 0.00000 245589.85982 0.00000
0.32673 9213.33181 0.00000 26792.55415 0.00000 245786.68913 0.00000
0.32830 9163.13428 0.00000 26719.14776 0.00000 245978.20552 0.00000
0.32987 9113.71482 0.00000 26645.28568 0.00000 246164.35160 0.00000
0.33144 9065.06704 0.00000 26570.95669 0.00000 246345.06403 0.00000
0.33301 9017.18479 0.00000 26496.15154 0.00000 246520.27395 0.00000
0.33458 8970.06233 0.00000 26420.86312 0.00000 246689.90743 0.00000
0.33615 8923.69432 0.00000 26345.08656 0.00000 246853.88601 0.00000
0.33772 8878.07597 0.00000 26268.81935 0.00000 247012.12718 0.00000
0.33929 8833.20301 0.00000 26192.06132 0.00000 247164.54494 0.00000
0.34086 8789.07173 0.00000 26114.81476 0.00000 247311.05037 0.00000
0.34243 8745.67900 0.00000 26037.08431 0.00000 247451.55219 0.00000
0.34400 8703.02225 0.00000 25958.87698 0.00000 247585.95736 0.00000
0.34558 8661.09945 0.00000 25880.20208 0.00000 247714.17167 0.00000
0.34715 8619.90909 0.00000 25801.07111 0.00000 247836.10033 0.00000
0.34872 8579.45013 0.00000 25721.49768 0.00000 247951.64858 0.00000
0.35029 8539.72195 0.00000 25641.49736 0.00000 248060.72226 0.00000
0.35186 8500.72430 0.00000 25561.08756 0.00000 248163.22839 0.00000
0.35343 8462.45723 0.00000 25480.28737 0.00000 248259.07572 0.00000
0.35500 8424.94078 0.00000 25399.15537 0.00000 248348.45814 0.00000
0.35657 8388.19106 0.00000 25317.73725 0.00000 248431.55288 0.00000
0.35814 8352.22066 0.00000 25236.06713 0.00000 248508.52113 0.00000
0.35971 8317.03899 0.00000 25154.16898 0.00000 248579.50859 0.00000
0.36128 8282.65270 0.00000 25072.05785 0.00000 248644.64604 0.00000
0.36285 8249.06597 0.00000 24989.74109 0.00000 248704.04996 0.00000
0.36442 8216.28085 0.00000 24907.21950 0.00000 248757.82302 0.00000
0.36600 8184.29751 0.00000 24824.48840 0.00000 248806.05471 0.00000
0.36757 8153.11471 0.00000 24741.53866 0.00000 248848.82465 0.00000
0.36914 8122.72968 0.00000 24658.35764 0.00000 248886.19762 0.00000
0.37071 8093.13853 0.00000 24574.93005 0.00000 248918.22689 0.00000
0.37228 8064.33643 0.00000 24491.23878 0.00000 248944.95482 0.00000
0.37385 8036.31779 0.00000 24407.26562 0.00000 248966.41341 0.00000
0.37542 8009.07639 0.00000 24322.99194 0.00000 248982.62487 0.00000
0.37699 7982.60557 0.00000 24238.39929 0.00000 248993.60224 0.00000
0.37856 7956.89829 0.00000 24153.46992 0.00000 248999.34994 0.00000
0.38013 7931.94726 0.00000 24068.18726 0.00000 248999.86438 0.00000
0.38170 7907.74503 0.00000 23982.53636 0.00000 248995.13452 0.00000
0.38327 7884.28403 0.00000 23896.50414 0.00000 248985.14252 0.00000
0.38485 7861.55665 0.00000 23810.07981 0.00000 248969.86433 0.00000
0.38642 7839.55526 0.00000 23723.25496 0.00000 248949.27035 0.00000
0.38799 7818.27227 0.00000 23636.02385 0.00000 248923.32600 0.00000
0.38956 7797.70012 0.00000 23548.38347 0.00000 248891.99235 0.00000
0.39113 7777.83131 0.00000 23460.33364 0.00000 248855.22668 0.00000
0.39270 7758.65838 0.00000 23371.87704 0.00000 248812.98310 0.00000
0.39427 7740.17393 0.00000 23283.01919 0.00000 248765.21312 0.00000
0.39584 7722.37061 0.00000 23193.76845 0.00000 248711.86627 0.00000
0.39741 7705.24108 0.00000 23104.13586 0.00000 248652.89060 0.00000
0.39898 7688.77800 0.00000 23014.13513 0.00000 248588.23334 0.00000
0.40055 7672.97405 0.00000 22923.78240 0.00000 248517.84139 0.00000
0.40212 7657.82185 0.00000 22833.09618 0.00000 248441.66187 0.00000
0.40369 7643.31395 0.00000 22742.09708 0.00000 248359.64266 0.00000
0.40527 7629.45288 0.00000 22650.86469 0.00000 248272.00390 0.00000
0.40684 7616.23968 0.00000 22559.46361 0.00000 248178.94780 0.00000
0.40841 7603.67414 0.00000 22467.94492 0.00000 248080.65936 0.00000
0.40998 7591.75494 0.00000 22376.34771 0.00000 247977.30695 0.00000
0.41155 7580.47981 0.00000 22284.70044 0.00000 247869.04297 0.00000
0.41312 7569.84562 0.00000 22193.02232 0.00000 247756.00442 0.00000
0.41469 7559.84850 0.00000 22101.32449 0.00000 247638.31356 0.00000
0.41626 7550.48399 0.00000 22009.61131 0.00000 247516.07848 0.00000
0.41783 7541.74738 0.00000 21917.88137 0.00000 247389.39657 0.00000
0.41940 7533.63315 0.00000 21826.12860 0.00000 247258.34943 0.00000
0.42097 7526.13538 0.00000 21734.34324 0.00000 247123.00628 0.00000
0.42254 7519.24776 0.00000 21642.51265 0.00000 246983.42460 0.00000
0.42412 7512.96364 0.00000 21550.62221 0.00000 246839.65070 0.00000
0.42569 7507.27608 0.00000 21458.65603 0.00000 246691.72037 0.00000
0.42726 7502.17784 0.00000 21366.59759 0.00000 246539.65945 0.00000
0.42883 7497.66145 0.00000 21274.43039 0.00000 246383.48447 0.00000
0.43040 7493.71914 0.00000 21182.13842 0.00000 246223.20325 0.00000
0.43197 7490.34293 0.00000 21089.70666 0.00000 246058.81554 0.00000
0.43354 7487.52460 0.00000 20997.12147 0.00000 245890.31366 0.00000
0.43511 7485.25569 0.00000 20904.37089 0.00000 245717.68314 0.00000
0.43668 7483.52749 0.00000 20811.44494 0.00000 245540.90339 0.00000
0.43825 7482.33110 0.00000 20718.33583 0.00000 245359.94837 0.00000
0.43982 7481.65735 0.00000 20625.03812 0.00000 245174.78714 0.00000
0.44139 7481.49685 0.00000 20531.54884 0.00000 244985.38461 0.00000
0.44296 7481.83998 0.00000 20437.86752 0.00000 244791.70205 0.00000
0.44454 7482.67689 0.00000 20343.99628 0.00000 244593.69784 0.00000
0.44611 7483.99751 0.00000 20249.93976 0.00000 244391.32800 0.00000
0.44768 7485.79153 0.00000 20155.70507 0.00000 244184.54686 0.00000
0.44925 7488.04844 0.00000 20061.30174 0.00000 243973.30764 0.00000
0.45082 7490.75751 0.00000 19966.74161 0.00000 243757.56307 0.00000
0.45239 7493.90784 0.00000 19872.03864 0.00000 243537.26596 0.00000
0.45396 7497.48831 0.00000 19777.20883 0.00000 243312.36977 0.00000
0.45553 7501.48855 0.00000 19682.32841 0.00000 243083.10478 0.00000
0.45710 7505.89908 0.00000 19587.46149 0.00000 242849.68376 0.00000
0.45867 7510.71128 0.00000 19492.66115 0.00000 242612.30254 0.00000
0.46024 7515.91728 0.00000 19397.97062 0.00000 242371.14054 0.00000
0.46181 7521.50991 0.00000 19303.42435 0.00000 242126.36129 0.00000
0.46338 7527.48262 0.00000 19209.04897 0.00000 241878.11299 0.00000
0.46496 7533.82937 0.00000 19114.86428 0.00000 241626.52903 0.00000
0.46653 7540.54460 0.00000 19020.88418 0.00000 241371.72858 0.00000
0.46810 7547.62372 0.00000 18927.11746 0.00000 241113.82052 0.00000
0.46967 7555.06181 0.00000 18833.56863 0.00000 240852.89721 0.00000
0.47124 7562.85415 0.00000 18740.23862 0.00000 240589.03850 0.00000
0.47281 7570.99614 0.00000 18647.12549 0.00000 240322.31224 0.00000
0.47438 7579.48324 0.00000 18554.22501 0.00000 240052.77491 0.00000
0.47595 7588.31090 0.00000 18461.53125 0.00000 239780.47219 0.00000
0.47752 7597.47448 0.00000 18369.03709 0.00000 239505.43957 0.00000
0.47909 7606.96922 0.00000 18276.73464 0.00000 239227.70296 0.00000
0.48066 7616.79015 0.00000 18184.61570 0.00000 238947.27932 0.00000
0.48223 7626.93208 0.00000 18092.67205 0.00000 238664.17725 0.00000
0.48381 7637.38955 0.00000 18000.89583 0.00000 238378.39765 0.00000
0.48538 7648.15680 0.00000 17909.27972 0.00000 238089.93438 0.00000
0.48695 7659.22772 0.00000 17817.81725 0.00000 237798.77490 0.00000
0.48852 7670.59587 0.00000 17726.50288 0.00000 237504.90092 0.00000
0.49009 7682.25445 0.00000 17635.33224 0.00000 237208.28904 0.00000
0.49166 7694.19628 0.00000 17544.30216 0.00000 236908.91136 0.00000
0.49323 7706.41382 0.00000 17453.41076 0.00000 236606.73613 0.00000
0.49480 7718.89916 0.00000 17362.65754 0.00000 236301.72840 0.00000
0.49637 7731.64405 0.00000 17272.04333 0.00000 235993.85059 0.00000
0.49794 7744.63989 0.00000 17181.57033 0.00000 235683.06313 0.00000
0.49951 7757.87776 0.00000 17091.24206 0.00000 235369.32508 0.00000
0.50108 7771.34845 0.00000 17001.06330 0.00000 235052.59466 0.00000
0.50265 7785.04250 0.00000 16911.04008 0.00000 234732.82987 0.00000
0.50423 7798.95018 0.00000 16821.17951 0.00000 234409.98903 0.00000
0.50580 7813.05658 0.00000 16731.52153 0.00000 234084.27247 0.00000
0.50737 7827.34904 0.00000 16642.09918 0.00000 233755.86479 0.00000
0.50894 7841.81691 0.00000 16552.93926 0.00000 233424.93531 0.00000
0.51051 7856.45135 0.00000 16464.06300 0.00000 233091.63860 0.00000
0.51208 7871.24512 0.00000 16375.48664 0.00000 232756.11493 0.00000
0.51365 7886.19234 0.00000 16287.22203 0.00000 232418.49085 0.00000
0.51522 7901.28834 0.00000 16199.27716 0.00000 232078.87962 0.00000
0.51679 7916.52942 0.00000 16111.65670 0.00000 231737.38178 0.00000
0.51836 7931.91380 0.00000 16024.36244 0.00000 231394.09012 0.00000
0.51993 7947.43928 0.00000 15937.39381 0.00000 231049.08132 0.00000
0.52150 7963.10415 0.00000 15850.74827 0.00000 230702.42096 0.00000
0.52308 7978.90708 0.00000 15764.42170 0.00000 230354.16398 0.00000
0.52465 7994.84695 0.00000 15678.40874 0.00000 230004.35531 0.00000
0.52622 8010.92276 0.00000 15592.70319 0.00000 229653.03036 0.00000
0.52779 8027.13352 0.00000 15507.29821 0.00000 229300.21562 0.00000
0.52936 8043.47816 0.00000 15422.18668 0.00000 228945.92921 0.00000
0.53093 8059.95543 0.00000 15337.36135 0.00000 228590.18147 0.00000
0.53250 8076.56383 0.00000 15252.81513 0.00000 228232.97550 0.00000
0.53407 8093.30159 0.00000 15168.54122 0.00000 227874.30776 0.00000
0.53564 8110.16658 0.00000 15084.53325 0.00000 227514.16869 0.00000
0.53721 8127.15630 0.00000 15000.78548 0.00000 227152.54326 0.00000
0.53878 8144.26781 0.00000 14917.29283 0.00000 226789.41158 0.00000
0.54035 8161.49778 0.00000 14834.05100 0.00000 226424.74945 0.00000
0.54192 8178.84243 0.00000 14751.05652 0.00000 226058.52894 0.00000
0.54350 8196.29754 0.00000 14668.30680 0.00000 225690.71894 0.00000
0.54507 8213.85845 0.00000 14585.80016 0.00000 225321.28574 0.00000
0.54664 8231.52008 0.00000 14503.53581 0.00000 224950.19353 0.00000
0.54821 8249.27696 0.00000 14421.51386 0.00000 224577.40499 0.00000
0.54978 8267.12325 0.00000 14339.73532 0.00000 224202.88179 0.00000
0.55135 8285.05273 0.00000 14258.20202 0.00000 223826.58505 0.00000
0.55292 8303.05888 0.00000 14176.91662 0.00000 223448.47591 0.00000
0.55449 8321.13491 0.00000 14095.88250 0.00000 223068.51596 0.00000
0.55606 8339.26602 0.00000 14015.12488 0.00000 222686.87554 0.00000
0.55763 8357.44009 0.00000 13934.66462 0.00000 222303.71031 0.00000
0.55920 8375.64736 0.00000 13854.51868 0.00000 221919.16180 0.00000
0.56077 8393.88018 0.00000 13774.70049 0.00000 221533.35794 0.00000
0.56235 8412.13272 0.00000 13695.22033 0.00000 221146.41361 0.00000
0.56392 8430.40078 0.00000 13616.08571 0.00000 220758.43123 0.00000
0.56549 8448.68146 0.00000 13537.30165 0.00000 220369.50122 0.00000
0.56706 8466.97305 0.00000 13458.87106 0.00000 219979.70266 0.00000
0.56863 8485.27641 0.00000 13380.79504 0.00000 219589.10983 0.00000
0.57020 8503.59147 0.00000 13303.07311 0.00000 219197.78073 0.00000
0.57177 8521.91880 0.00000 13225.70352 0.00000 218805.76366 0.00000
0.57334 8540.25932 0.00000 13148.68348 0.00000 218413.09775 0.00000
0.57491 8558.61428 0.00000 13072.00937 0.00000 218019.81346 0.00000
0.57648 8576.98504 0.00000 12995.67699 0.00000 217625.93322 0.00000
0.57805 8595.37300 0.00000 12919.68166 0.00000 217231.47192 0.00000
0.57962 8613.77950 0.00000 12844.01848 0.00000 216836.43747 0.00000
0.58119 8632.20572 0.00000 12768.68242 0.00000 216440.83135 0.00000
0.58277 8650.65258 0.00000 12693.66847 0.00000 216044.64915 0.00000
0.58434 8669.12076 0.00000 12618.97173 0.00000 215647.88109 0.00000
0.58591 8687.61054 0.00000 12544.58755 0.00000 215250.51260 0.00000
0.58748 8706.12187 0.00000 12470.51158 0.00000 214852.52483 0.00000
0.58905 8724.65425 0.00000 12396.73985 0.00000 214453.89515 0.00000
0.59062 8743.20677 0.00000 12323.26880 0.00000 214054.59770 0.00000
0.59219 8761.77808 0.00000 12250.09535 0.00000 213654.60383 0.00000
0.59376 8780.36637 0.00000 12177.21694 0.00000 213253.88265 0.00000
0.59533 8798.96941 0.00000 12104.63148 0.00000 212852.40145 0.00000
0.59690 8817.58455 0.00000 12032.33743 0.00000 212450.12617 0.00000
0.59847 8836.20870 0.00000 11960.33376 0.00000 212047.02187 0.00000
0.60004 8854.83841 0.00000 11888.61997 0.00000 211643.05314 0.00000
0.60161 8873.46987 0.00000 11817.19602 0.00000 211238.18453 0.00000
0.60319 8892.09895 0.00000 11746.06238 0.00000 210832.38092 0.00000
0.60476 8910.72119 0.00000 11675.21992 0.00000 210425.60793 0.00000
0.60633 8929.32346 0.00000 11604.68267 0.00000 210018.01005 0.00000
0.60790 8947.89518 0.00000 11534.46230 0.00000 209609.71774 0.00000
0.60947 8966.42806 0.00000 11464.56836 0.00000 209200.84809 0.00000
0.61104 8984.91585 0.00000 11395.00850 0.00000 208791.50547 0.00000
0.61261 9003.35403 0.00000 11325.78864 0.00000 208381.78212 0.00000
0.61418 9021.73965 0.00000 11256.91316 0.00000 207971.75882 0.00000
0.61575 9040.07104 0.00000 11188.38510 0.00000 207561.50549 0.00000
0.61732 9058.34761 0.00000 11120.20632 0.00000 207151.08181 0.00000
0.61889 9076.57198 0.00000 11052.37765 0.00000 206740.54592 0.00000
0.62046 9094.74516 0.00000 10984.89901 0.00000 206329.93896 0.00000
0.62204 9112.86877 0.00000 10917.76963 0.00000 205919.29364 0.00000
0.62361 9130.94480 0.00000 10850.98807 0.00000 205508.63478 0.00000
0.62518 9148.97552 0.00000 10784.55243 0.00000 205097.97994 0.00000
0.62675 9166.96332 0.00000 10718.46041 0.00000 204687.33994 0.00000
0.62832 9184.91068 0.00000 10652.70939 0.00000 204276.71942 0.00000
0.62989 9202.81999 0.00000 10587.29656 0.00000 203866.11737 0.00000
0.63146 9220.69351 0.00000 10522.21898 0.00000 203455.52768 0.00000
0.63303 9238.53329 0.00000 10457.47362 0.00000 203044.93964 0.00000
0.63460 9256.34114 0.00000 10393.05748 0.00000 202634.33842 0.00000
0.63617 9274.11853 0.00000 10328.96758 0.00000 202223.70562 0.00000
0.63774 9291.86661 0.00000 10265.20103 0.00000 201813.01969 0.00000
0.63931 9309.58614 0.00000 10201.75509 0.00000 201402.25643 0.00000
0.64088 9327.27749 0.00000 10138.62714 0.00000 200991.38940 0.00000
0.64246 9344.94063 0.00000 10075.81476 0.00000 200580.39039 0.00000
0.64403 9362.57513 0.00000 10013.31572 0.00000 200169.22976 0.00000
0.64560 9380.18014 0.00000 9951.12799 0.00000 199757.87692 0.00000
0.64717 9397.75445 0.00000 9889.24976 0.00000 199346.30062 0.00000
0.64874 9415.29644 0.00000 9827.67943 0.00000 198934.46937 0.00000
0.65031 9432.80415 0.00000 9766.41560 0.00000 198522.35175 0.00000
0.65188 9450.27529 0.00000 9705.45710 0.00000 198109.91672 0.00000
0.65345 9467.70724 0.00000 9644.80294 0.00000 197697.13397 0.00000
0.65502 9485.09713 0.00000 9584.45232 0.00000 197283.97414 0.00000
0.65659 9502.43374 0.00000 9524.41035 0.00000 196870.55839 0.00000
0.65816 9519.70812 0.00000 9464.68128 0.00000 196456.99460 0.00000
0.65973 9536.91340 0.00000 9405.26862 0.00000 196043.37813 0.00000
0.66131 9554.04449 0.00000 9346.17515 0.00000 195629.79248 0.00000
0.66288 9571.09788 0.00000 9287.40307 0.00000 195216.31003 0.00000
0.66445 9588.07142 0.00000 9228.95397 0.00000 194802.99275 0.00000
0.66602 9604.96412 0.00000 9170.82896 0.00000 194389.89282 0.00000
0.66759 9621.77597 0.00000 9113.02868 0.00000 193977.05335 0.00000
0.66916 9638.51061 0.00000 9055.55340 0.00000 193564.51916 0.00000
0.67073 9655.16945 0.00000 8998.40300 0.00000 193152.31724 0.00000
0.67230 9671.75443 0.00000 8941.57710 0.00000 192740.46739 0.00000
0.67387 9688.26783 0.00000 8885.07501 0.00000 192328.98282 0.00000
0.67544 9704.71219 0.00000 8828.89585 0.00000 191917.87069 0.00000
0.67701 9721.09017 0.00000 8773.03853 0.00000 191507.13271 0.00000
0.67858 9737.40450 0.00000 8717.50179 0.00000 191096.76565 0.00000
0.68015 9753.65784 0.00000 8662.28425 0.00000 190686.76188 0.00000
0.68173 9769.85276 0.00000 8607.38442 0.00000 190277.10986 0.00000
0.68330 9785.99164 0.00000 8552.80072 0.00000 189867.79461 0.00000
0.68487 9802.07664 0.00000 8498.53149 0.00000 189458.79822 0.00000
0.68644 9818.10965 0.00000 8444.57504 0.00000 189050.10023 0.00000
0.68801 9834.09228 0.00000 8390.92961 0.00000 188641.67810 0.00000
0.68958 9850.02579 0.00000 8337.59344 0.00000 188233.50759 0.00000
0.69115 9865.91112 0.00000 8284.56476 0.00000 187825.56313 0.00000
0.69272 9881.74883 0.00000 8231.84177 0.00000 187417.81819 0.00000
0.69429 9897.53917 0.00000 8179.42268 0.00000 187010.24563 0.00000
0.69586 9913.28200 0.00000 8127.30570 0.00000 186602.81798 0.00000
0.69743 9928.97686 0.00000 8075.48906 0.00000 186195.50774 0.00000
0.69900 9944.62294 0.00000 8023.97101 0.00000 185788.28768 0.00000
0.70058 9960.21913 0.00000 7972.74978 0.00000 185381.13109 0.00000
0.70215 9975.76403 0.00000 7921.82364 0.00000 184974.01199 0.00000
0.70372 9991.25594 0.00000 7871.19089 0.00000 184566.90535 0.00000
0.70529 10006.69294 0.00000 7820.84982 0.00000 184159.78732 0.00000
0.70686 10022.06564 0.00000 7770.79970 0.00000 183752.75805 0.00000
0.70843 10037.36662 0.00000 7721.03987 0.00000 183345.90543 0.00000
0.71000 10052.59022 0.00000 7671.56978 0.00000 182939.30585 0.00000
0.71157 10067.73232 0.00000 7622.38896 0.00000 182533.02494 0.00000
0.71314 10082.79017 0.00000 7573.49697 0.00000 182127.11832 0.00000
0.71471 10097.76219 0.00000 7524.89345 0.00000 181721.63232 0.00000
0.71628 10112.64778 0.00000 7476.57807 0.00000 181316.60464 0.00000
0.71785 10127.44720 0.00000 7428.55049 0.00000 180912.06507 0.00000
0.71942 10142.16466 0.00000 7380.81041 0.00000 180508.04709 0.00000
0.72100 10156.80168 0.00000 7333.35752 0.00000 180104.56676 0.00000
0.72257 10171.36015 0.00000 7286.19148 0.00000 179701.63411 0.00000
0.72414 10185.84232 0.00000 7239.31195 0.00000 179299.25371 0.00000
0.72571 10200.25063 0.00000 7192.71852 0.00000 178897.42527 0.00000
0.72728 10214.58763 0.00000 7146.41075 0.00000 178496.14415 0.00000
0.72885 10228.85594 0.00000 7100.38813 0.00000 178095.40187 0.00000
0.73042 10243.05813 0.00000 7054.65011 0.00000 177695.18662 0.00000
0.73199 10257.19668 0.00000 7009.19605 0.00000 177295.48370 0.00000
0.73356 10271.27391 0.00000 6964.02522 0.00000 176896.27599 0.00000
0.73513 10285.29197 0.00000 6919.13681 0.00000 176497.54432 0.00000
0.73670 10299.25277 0.00000 6874.52993 0.00000 176099.26789 0.00000
0.73827 10313.15798 0.00000 6830.20360 0.00000 175701.42464 0.00000
0.73985 10327.00896 0.00000 6786.15671 0.00000 175303.99157 0.00000
0.74142 10340.80683 0.00000 6742.38809 0.00000 174906.94506 0.00000
0.74299 10354.55236 0.00000 6698.89644 0.00000 174510.26118 0.00000
0.74456 10368.24605 0.00000 6655.68038 0.00000 174113.91593 0.00000
0.74613 10381.88809 0.00000 6612.73841 0.00000 173717.88550 0.00000
0.74770 10395.47837 0.00000 6570.06895 0.00000 173322.14651 0.00000
0.74927 10409.01651 0.00000 6527.67033 0.00000 172926.67619 0.00000
0.75084 10422.50183 0.00000 6485.54077 0.00000 172531.45254 0.00000
0.75241 10435.93344 0.00000 6443.67842 0.00000 172136.45456 0.00000
0.75398 10449.31017 0.00000 6402.08135 0.00000 171741.66234 0.00000
0.75555 10462.63067 0.00000 6360.74754 0.00000 171347.05719 0.00000
0.75712 10475.88718 0.00000 6319.67320 0.00000 170952.72092 0.00000
0.75869 10489.07365 0.00000 6278.85510 0.00000 170558.72428 0.00000
0.76027 10502.18547 0.00000 6238.29053 0.00000 170165.12777 0.00000
0.76184 10515.21937 0.00000 6197.97724 0.00000 169771.98232 0.00000
0.76341 10528.17318 0.00000 6157.91339 0.00000 169379.33009 0.00000
0.76498 10541.04574 0.00000 6118.09750 0.00000 168987.20507 0.00000
0.76655 10553.83673 0.00000 6078.52838 0.00000 168595.63386 0.00000
0.76812 10566.54652 0.00000 6039.20514 0.00000 168204.63624 0.00000
0.76969 10579.17992 0.00000 6000.12708 0.00000 167814.22780 0.00000
0.77126 10591.73835 0.00000 5961.29369 0.00000 167424.41665 0.00000
0.77283 10604.22360 0.00000 5922.70460 0.00000 167035.20591 0.00000
0.77440 10616.63770 0.00000 5884.35952 0.00000 166646.59430 0.00000
0.77597 10628.98288 0.00000 5846.25824 0.00000 166258.57663 0.00000
0.77754 10641.26144 0.00000 5808.40060 0.00000 165871.14433 0.00000
0.77911 10653.47573 0.00000 5770.78642 0.00000 165484.28587 0.00000
0.78069 10665.62808 0.00000 5733.41552 0.00000 165097.98727 0.00000
0.78226 10677.72071 0.00000 5696.28769 0.00000 164712.23244 0.00000
0.78383 10689.75573 0.00000 5659.40262 0.00000 164327.00364 0.00000
0.78540 10701.73509 0.00000 5622.75996 0.00000 163942.28180 0.00000
0.78697 10713.66055 0.00000 5586.35925 0.00000 163558.04687 0.00000
0.78854 10725.53362 0.00000 5550.19991 0.00000 163174.27812 0.00000
0.79011 10737.35562 0.00000 5514.28126 0.00000 162790.95443 0.00000
0.79168 10749.12759 0.00000 5478.60249 0.00000 162408.05457 0.00000
0.79325 10760.85032 0.00000 5443.16267 0.00000 162025.55740 0.00000
0.79482 10772.52436 0.00000 5407.96070 0.00000 161643.44209 0.00000
0.79639 10784.14998 0.00000 5372.99539 0.00000 161261.68832 0.00000
0.79796 10795.72721 0.00000 5338.26538 0.00000 160880.27645 0.00000
0.79954 10807.25585 0.00000 5303.76919 0.00000 160499.18765 0.00000
0.80111 10818.73544 0.00000 5269.50523 0.00000 160118.40402 0.00000
0.80268 10830.16534 0.00000 5235.47174 0.00000 159737.90873 0.00000
0.80425 10841.54468 0.00000 5201.66690 0.00000 159357.68609 0.00000
0.80582 10852.87242 0.00000 5168.08873 0.00000 158977.72159 0.00000
0.80739 10864.14228 0.00000 5134.73239 0.00000 158598.08137 0.00000
0.80896 10875.34936 0.00000 5101.59375 0.00000 158218.82183 0.00000
0.81053 10886.48998 0.00000 5068.66934 0.00000 157839.99046 0.00000
0.81210 10897.56155 0.00000 5035.95627 0.00000 157461.62645 0.00000
0.81367 10908.56243 0.00000 5003.45216 0.00000 157083.76138 0.00000
0.81524 10919.49179 0.00000 4971.15511 0.00000 156706.41990 0.00000
0.81681 10930.34947 0.00000 4939.06360 0.00000 156329.62034 0.00000
0.81838 10941.13592 0.00000 4907.17646 0.00000 155953.37530 0.00000
0.81996 10951.85436 0.00000 4875.49286 0.00000 155577.67738 0.00000
0.82153 10962.50607 0.00000 4844.01214 0.00000 155202.52916 0.00000
0.82310 10973.09264 0.00000 4812.73388 0.00000 154827.92915 0.00000
0.82467 10983.61587 0.00000 4781.65777 0.00000 154453.87230 0.00000
0.82624 10994.07767 0.00000 4750.78364 0.00000 154080.35047 0.00000
0.82781 11004.48007 0.00000 4720.11138 0.00000 153707.35286 0.00000
0.82938 11014.82508 0.00000 4689.64091 0.00000 153334.86646 0.00000
0.83095 11025.11471 0.00000 4659.37219 0.00000 152962.87641 0.00000
0.83252 11035.35085 0.00000 4629.30512 0.00000 152591.36637 0.00000
0.83409 11045.53532 0.00000 4599.43959 0.00000 152220.31887 0.00000
0.83566 11055.66978 0.00000 4569.77541 0.00000 151849.71563 0.00000
0.83723 11065.75572 0.00000 4540.31232 0.00000 151479.53780 0.00000
0.83881 11075.79444 0.00000 4511.04993 0.00000 151109.76627 0.00000
0.84038 11085.78704 0.00000 4481.98779 0.00000 150740.38187 0.00000
0.84195 11095.73442 0.00000 4453.12529 0.00000 150371.36560 0.00000
0.84352 11105.63723 0.00000 4424.46172 0.00000 150002.69880 0.00000
0.84509 11115.49594 0.00000 4395.99622 0.00000 149634.36336 0.00000
0.84666 11125.31077 0.00000 4367.72782 0.00000 149266.34177 0.00000
0.84823 11135.08174 0.00000 4339.65539 0.00000 148898.61737 0.00000
0.84980 11144.80867 0.00000 4311.77768 0.00000 148531.17433 0.00000
0.85137 11154.49117 0.00000 4284.09333 0.00000 148163.99782 0.00000
0.85294 11164.12867 0.00000 4256.60082 0.00000 147797.07406 0.00000
0.85451 11173.72045 0.00000 4229.29856 0.00000 147430.39034 0.00000
0.85608 11183.26562 0.00000 4202.18481 0.00000 147063.93510 0.00000
0.85765 11192.75907 0.00000 4175.25486 0.00000 146697.76113 0.00000
0.85923 11202.19686 0.00000 4148.50468 0.00000 146331.91295 0.00000
0.86080 11211.57606 0.00000 4121.93087 0.00000 145966.42738 0.00000
0.86237 11220.89459 0.00000 4095.53057 0.00000 145601.33425 0.00000
0.86394 11230.15118 0.00000 4069.30145 0.00000 145236.65692 0.00000
0.86551 11239.34519 0.00000 4043.24159 0.00000 144872.41292 0.00000
0.86708 11248.47658 0.00000 4017.34947 0.00000 144508.61447 0.00000
0.86865 11257.54574 0.00000 3991.62389 0.00000 144145.26904 0.00000
0.87022 11266.55402 0.00000 3966.06398 0.00000 143782.34168 0.00000
0.87179 11275.50250 0.00000 3940.66905 0.00000 143419.83112 0.00000
0.87336 11284.39251 0.00000 3915.43862 0.00000 143057.73276 0.00000
0.87493 11293.22555 0.00000 3890.37236 0.00000 142696.03912 0.00000
0.87650 11302.00322 0.00000 3865.47006 0.00000 142334.74031 0.00000
0.87808 11310.72715 0.00000 3840.73158 0.00000 141973.82433 0.00000
0.87965 11319.39900 0.00000 3816.15682 0.00000 141613.27749 0.00000
0.88122 11328.02039 0.00000 3791.74572 0.00000 141253.08473 0.00000
0.88279 11336.59286 0.00000 3767.49819 0.00000 140893.22992 0.00000
0.88436 11345.11786 0.00000 3743.41414 0.00000 140533.69618 0.00000
0.88593 11353.59669 0.00000 3719.49342 0.00000 140174.46609 0.00000
0.88750 11362.03054 0.00000 3695.73580 0.00000 139815.52196 0.00000
0.88907 11370.42039 0.00000 3672.14100 0.00000 139456.84603 0.00000
0.89064 11378.76709 0.00000 3648.70863 0.00000 139098.42069 0.00000
0.89221 11387.07127 0.00000 3625.43821 0.00000 138740.22860 0.00000
0.89378 11395.33341 0.00000 3602.32915 0.00000 138382.25286 0.00000
0.89535 11403.55376 0.00000 3579.38077 0.00000 138024.47717 0.00000
0.89692 11411.73243 0.00000 3556.59225 0.00000 137666.88588 0.00000
0.89850 11419.86931 0.00000 3533.96268 0.00000 137309.46412 0.00000
0.90007 11427.96413 0.00000 3511.49103 0.00000 136952.19783 0.00000
0.90164 11436.01648 0.00000 3489.17616 0.00000 136595.07388 0.00000
0.90321 11444.02574 0.00000 3467.01684 0.00000 136238.08005 0.00000
0.90478 11451.99120 0.00000 3445.01172 0.00000 135881.20509 0.00000
0.90635 11459.91199 0.00000 3423.15939 0.00000 135524.43871 0.00000
0.90792 11467.78390 0.00000 3401.45581 0.00000 135167.82191 0.00000
0.90949 11475.60367 0.00000 3379.89754 0.00000 134811.38865 0.00000
0.91106 11483.36882 0.00000 3358.48164 0.00000 134455.16642 0.00000
0.91263 11491.07764 0.00000 3337.20563 0.00000 134099.17676 0.00000
0.91420 11498.72900 0.00000 3316.06747 0.00000 133743.43579 0.00000
0.91577 11506.32233 0.00000 3295.06544 0.00000 133387.95470 0.00000
0.91735 11513.85752 0.00000 3274.19818 0.00000 133032.74025 0.00000
0.91892 11521.33482 0.00000 3253.46459 0.00000 132677.79519 0.00000
0.92049 11528.75379 0.00000 3232.86377 0.00000 132323.03081 0.00000
0.92206 11536.11520 0.00000 3212.39506 0.00000 131968.44143 0.00000
0.92363 11543.42001 0.00000 3192.05796 0.00000 131614.01860 0.00000
0.92520 11550.66931 0.00000 3171.85208 0.00000 131259.75145 0.00000
0.92677 11557.86427 0.00000 3151.77717 0.00000 130905.62709 0.00000
0.92834 11565.00608 0.00000 3131.83300 0.00000 130551.63088 0.00000
0.92991 11572.09594 0.00000 3112.01942 0.00000 130197.74676 0.00000
0.93148 11579.13501 0.00000 3092.33629 0.00000 129843.95752 0.00000
0.93305 11586.12438 0.00000 3072.78345 0.00000 129490.24506 0.00000
0.93462 11593.06506 0.00000 3053.36076 0.00000 129136.59062 0.00000
0.93619 11599.95793 0.00000 3034.06803 0.00000 128782.97500 0.00000
0.93777 11606.80377 0.00000 3014.90501 0.00000 128429.37876 0.00000
0.93934 11613.60319 0.00000 2995.87142 0.00000 128075.78237 0.00000
0.94091 11620.35667 0.00000 2976.96689 0.00000 127722.16638 0.00000
0.94248 11627.06453 0.00000 2958.19098 0.00000 127368.51155 0.00000
0.94405 11633.72694 0.00000 2939.54319 0.00000 127014.79898 0.00000
0.94562 11640.34389 0.00000 2921.02292 0.00000 126661.01017 0.00000
0.94719 11646.91524 0.00000 2902.62949 0.00000 126307.12716 0.00000
0.94876 11653.44069 0.00000 2884.36213 0.00000 125953.13254 0.00000
0.95033 11659.91977 0.00000 2866.22000 0.00000 125599.00957 0.00000
0.95190 11666.35190 0.00000 2848.20216 0.00000 125244.74217 0.00000
0.95347 11672.73636 0.00000 2830.30761 0.00000 124890.31496 0.00000
0.95504 11679.07230 0.00000 2812.53526 0.00000 124535.71331 0.00000
0.95661 11685.35879 0.00000 2794.88397 0.00000 124180.92332 0.00000
0.95819 11691.59216 0.00000 2777.35056 0.00000 123825.97206 0.00000
0.95976 11697.76955 0.00000 2759.93227 0.00000 123470.88072 0.00000
0.96133 11703.88871 0.00000 2742.62675 0.00000 123115.66503 0.00000
0.96290 11709.94800 0.00000 2725.43198 0.00000 122760.33580 0.00000
0.96447 11715.94627 0.00000 2708.34626 0.00000 122404.89935 0.00000
0.96604 11721.88281 0.00000 2691.36814 0.00000 122049.35793 0.00000
0.96761 11727.75728 0.00000 2674.49645 0.00000 121693.71023 0.00000
0.96918 11733.56961 0.00000 2657.73020 0.00000 121337.95169 0.00000
0.97075 11739.31560 0.00000 2641.06836 0.00000 120981.80646 0.00000
0.97232 11744.99541 0.00000 2624.51028 0.00000 120625.25874 0.00000
0.97389 11750.60937 0.00000 2608.05544 0.00000 120268.29058 0.00000
0.97546 11756.15790 0.00000 2591.70341 0.00000 119910.88223 0.00000
0.97704 11761.64147 0.00000 2575.45385 0.00000 119553.01247 0.00000
0.97861 11767.06058 0.00000 2559.30647 0.00000 119194.65891 0.00000
0.98018 11772.41572 0.00000 2543.26101 0.00000 118835.79832 0.00000
0.98175 11777.70735 0.00000 2527.31723 0.00000 118476.40688 0.00000
0.98332 11782.93587 0.00000 2511.47490 0.00000 118116.46049 0.00000
0.98489 11788.10159 0.00000 2495.73378 0.00000 117755.93498 0.00000
0.98646 11793.20473 0.00000 2480.09361 0.00000 117394.80636 0.00000
0.98803 11798.24542 0.00000 2464.55410 0.00000 117033.05106 0.00000
0.98960 11803.22366 0.00000 2449.11494 0.00000 116670.64611 0.00000
0.99117 11808.13932 0.00000 2433.77575 0.00000 116307.56934 0.00000
0.99274 11812.99216 0.00000 2418.53613 0.00000 115943.79955 0.00000
0.99431 11817.78179 0.00000 2403.39560 0.00000 115579.31671 0.00000
0.99588 11822.50771 0.00000 2388.35365 0.00000 115214.10207 0.00000
0.99746 11827.16929 0.00000 2373.40971 0.00000 114848.13830 0.00000
0.99903 11831.76576 0.00000 2358.56315 0.00000 114481.40967 0.00000
1.00060 11836.29624 0.00000 2343.81328 0.00000 114113.90208 0.00000
1.00217 11840.75977 0.00000 2329.15939 0.00000 113745.60326 0.00000
1.00374 11845.15524 0.00000 2314.60068 0.00000 113376.50278 0.00000
1.00531 11849.48149 0.00000 2300.13634 0.00000 113006.59222 0.00000
1.00688 11853.73724 0.00000 2285.76549 0.00000 112635.86515 0.00000
1.00845 11857.91910 0.00000 2271.48576 0.00000 112264.35131 0.00000
1.01002 11862.02427 0.00000 2257.29510 0.00000 111892.07712 0.00000
1.01159 11866.05050 0.00000 2243.19169 0.00000 111519.06620 0.00000
1.01316 11869.99599 0.00000 2229.17398 0.00000 111145.33982 0.00000
1.01473 11873.85937 0.00000 2215.24065 0.00000 110770.91734 0.00000
1.01631 11877.63963 0.00000 2201.39053 0.00000 110395.81662 0.00000
1.01788 11881.33607 0.00000 2187.62267 0.00000 110020.05448 0.00000
1.01945 11884.94825 0.00000 2173.93624 0.00000 109643.64703 0.00000
1.02102 11888.45621 0.00000 2160.32962 0.00000 109265.41028 0.00000
1.02259 11891.85892 0.00000 2146.80228 0.00000 108885.33119 0.00000
1.02416 11895.15545 0.00000 2133.35379 0.00000 108503.39715 0.00000
1.02573 11898.34501 0.00000 2119.98378 0.00000 108119.59638 0.00000
1.02730 11901.42687 0.00000 2106.69194 0.00000 107733.91822 0.00000
1.02887 11904.40037 0.00000 2093.47803 0.00000 107346.35352 0.00000
1.03044 11907.26486 0.00000 2080.34181 0.00000 106956.89487 0.00000
1.03201 11910.01974 0.00000 2067.28309 0.00000 106565.53687 0.00000
1.03358 11912.66439 0.00000 2054.30169 0.00000 106172.27643 0.00000
1.03515 11915.19819 0.00000 2041.39743 0.00000 105777.11294 0.00000
1.03673 11917.62048 0.00000 2028.57013 0.00000 105380.04850 0.00000
1.03830 11919.93060 0.00000 2015.81960 0.00000 104981.08804 0.00000
1.03987 11922.12784 0.00000 2003.14565 0.00000 104580.23947 0.00000
1.04144 11924.21146 0.00000 1990.54807 0.00000 104177.51382 0.00000
1.04301 11926.18068 0.00000 1978.02663 0.00000 103772.92533 0.00000
1.04458 11928.03469 0.00000 1965.58109 0.00000 103366.49153 0.00000
1.04615 11929.77265 0.00000 1953.21118 0.00000 102958.23332 0.00000
1.04772 11931.39369 0.00000 1940.91660 0.00000 102548.17496 0.00000
1.04929 11932.89691 0.00000 1928.69704 0.00000 102136.34517 0.00000
1.05086 11934.28155 0.00000 1916.55219 0.00000 101722.78947 0.00000
1.05243 11935.54690 0.00000 1904.48171 0.00000 101307.56139 0.00000
1.05400 11936.69223 0.00000 1892.48525 0.00000 100890.71823 0.00000
1.05558 11937.71686 0.00000 1880.56243 0.00000 100472.32081 0.00000
1.05715 11938.62012 0.00000 1868.71284 0.00000 100052.43321 0.00000
1.05872 11939.40005 0.00000 1856.93486 0.00000 99631.16735 0.00000
1.06029 11940.05520 0.00000 1845.22702 0.00000 99208.63394 0.00000
1.06186 11940.58466 0.00000 1833.58804 0.00000 98784.94258 0.00000
1.06343 11940.98795 0.00000 1822.01679 0.00000 98360.20172 0.00000
1.06500 11941.26500 0.00000 1810.51230 0.00000 97934.51874 0.00000
1.06657 11941.41611 0.00000 1799.07369 0.00000 97507.99998 0.00000
1.06814 11941.44188 0.00000 1787.70022 0.00000 97080.75071 0.00000
1.06971 11941.34320 0.00000 1776.39122 0.00000 96652.87523 0.00000
1.07128 11941.01725 0.00000 1765.14268 0.00000 96215.81170 0.00000
1.07285 11940.46129 0.00000 1753.95435 0.00000 95769.38522 0.00000
1.07442 11939.67288 0.00000 1742.82601 0.00000 95313.42546 0.00000
1.07600 11938.64987 0.00000 1731.75753 0.00000 94847.76675 0.00000
1.07757 11937.39038 0.00000 1720.74879 0.00000 94372.24806 0.00000
1.07914 11935.89278 0.00000 1709.79970 0.00000 93886.71300 0.00000
1.08071 11934.15568 0.00000 1698.91021 0.00000 93391.00987 0.00000
1.08228 11932.17789 0.00000 1688.08027 0.00000 92884.99157 0.00000
1.08385 11929.95841 0.00000 1677.30983 0.00000 92368.51566 0.00000
1.08542 11927.49645 0.00000 1666.59889 0.00000 91841.44434 0.00000
1.08699 11924.79136 0.00000 1655.94741 0.00000 91303.64446 0.00000
1.08856 11921.84269 0.00000 1645.35535 0.00000 90754.98757 0.00000
1.09013 11918.65014 0.00000 1634.82270 0.00000 90195.34998 0.00000
1.09170 11915.21357 0.00000 1624.34942 0.00000 89624.61286 0.00000
1.09327 11911.53299 0.00000 1613.93546 0.00000 89042.66235 0.00000
1.09485 11907.60860 0.00000 1603.58077 0.00000 88449.38972 0.00000
1.09642 11903.44073 0.00000 1593.28529 0.00000 87844.69156 0.00000
1.09799 11899.02988 0.00000 1583.04897 0.00000 87228.47003 0.00000
1.09956 11894.37674 0.00000 1572.87172 0.00000 86600.63311 0.00000
1.10113 11889.48217 0.00000 1562.75348 0.00000 85961.09491 0.00000
1.10270 11884.34722 0.00000 1552.69415 0.00000 85309.77603 0.00000
1.10427 11878.97314 0.00000 1542.69367 0.00000 84646.60394 0.00000
1.10584 11873.36139 0.00000 1532.75193 0.00000 83971.51339 0.00000
1.10741 11867.51366 0.00000 1522.86887 0.00000 83284.44688 0.00000
1.10898 11861.42759 0.00000 1513.04257 0.00000 82585.17570 0.00000
1.11055 11855.10143 0.00000 1503.27127 0.00000 81873.49052 0.00000
1.11212 11848.53406 0.00000 1493.55330 0.00000 81149.20178 0.00000
1.11369 11841.72488 0.00000 1483.88717 0.00000 80412.14023 0.00000
1.11527 11834.67389 0.00000 1474.27146 0.00000 79662.15729 0.00000
1.11684 11827.38160 0.00000 1464.70490 0.00000 78899.12564 0.00000
1.11841 11819.84906 0.00000 1455.18630 0.00000 78122.93964 0.00000
1.11998 11812.07780 0.00000 1445.71461 0.00000 77333.51584 0.00000
1.12155 11804.19373 0.00000 1436.27584 0.00000 76631.24243 0.00000
1.12312 11796.20247 0.00000 1426.87016 0.00000 76008.13438 0.00000
1.12469 11788.10996 0.00000 1417.49777 0.00000 75456.04338 0.00000
1.12626 11779.92236 0.00000 1408.15901 0.00000 74966.73898 0.00000
1.12783 11771.64610 0.00000 1398.85424 0.00000 74531.98578 0.00000
1.12940 11763.28780 0.00000 1389.58392 0.00000 74143.61455 0.00000
1.13097 11754.85429 0.00000 1380.34857 0.00000 73793.58627 0.00000
1.13254 11746.35259 0.00000 1371.14879 0.00000 73474.04785 0.00000
1.13411 11737.78987 0.00000 1361.98522 0.00000 73177.37928 0.00000
1.13569 11729.17346 0.00000 1352.85858 0.00000 72896.23219 0.00000
1.13726 11720.51080 0.00000 1343.76965 0.00000 72623.55994 0.00000
1.13883 11711.80947 0.00000 1334.71926 0.00000 72352.63992 0.00000
1.14040 11703.07711 0.00000 1325.70829 0.00000 72077.08865 0.00000
1.14197 11694.32148 0.00000 1316.73770 0.00000 71790.87054 0.00000
1.14354 11685.55037 0.00000 1307.80848 0.00000 71488.30105 0.00000
1.14511 11676.77163 0.00000 1298.92167 0.00000 71164.04511 0.00000
1.14668 11667.99315 0.00000 1290.07836 0.00000 70813.11153 0.00000
1.14825 11659.22280 0.00000 1281.27970 0.00000 70430.84409 0.00000
1.14982 11650.46849 0.00000 1272.52686 0.00000 70012.90993 0.00000
1.15139 11641.73806 0.00000 1263.82107 0.00000 69555.28566 0.00000
1.15296 11633.03936 0.00000 1255.16359 0.00000 69054.24173 0.00000
1.15454 11624.38014 0.00000 1246.55570 0.00000 68506.32524 0.00000
1.15611 11615.76811 0.00000 1237.99872 0.00000 67908.34139 0.00000
1.15768 11607.21086 0.00000 1229.49402 0.00000 67257.33383 0.00000
1.15925 11598.71470 0.00000 1221.01963 0.00000 66550.34393 0.00000
1.16082 11590.28617 0.00000 1212.54695 0.00000 65784.60829 0.00000
1.16239 11581.93198 0.00000 1204.04178 0.00000 64957.53368 0.00000
1.16396 11573.65894 0.00000 1195.46531 0.00000 64066.66983 0.00000
1.16553 11565.47390 0.00000 1186.77515 0.00000 63109.67962 0.00000
1.16710 11557.38374 0.00000 1177.92619 0.00000 62084.30597 0.00000
1.16867 11549.39526 0.00000 1168.87151 0.00000 60988.33454 0.00000
1.17024 11541.51518 0.00000 1159.56313 0.00000 59819.55091 0.00000
1.17181 11528.78346 0.00000 1149.73135 0.00000 58727.92509 0.00000
1.17338 11509.47361 0.00000 1139.27453 0.00000 57702.01946 0.00000
1.17496 11482.07394 0.00000 1128.10389 0.00000 56730.66039 0.00000
1.17653 11445.27296 0.00000 1116.14270 0.00000 55803.05662 0.00000
1.17810 11397.94428 0.00000 1103.32556 0.00000 54908.89872 0.00000
1.17967 11339.13146 0.00000 1089.59754 0.00000 54038.43872 0.00000
1.18124 11268.03306 0.00000 1074.91340 0.00000 53182.54955 0.00000
1.18281 11183.98843 0.00000 1059.23676 0.00000 52332.76529 0.00000
1.18438 11086.46399 0.00000 1042.53934 0.00000 51481.30366 0.00000
1.18595 10975.04034 0.00000 1024.80012 0.00000 50621.07276 0.00000
1.18752 10849.40002 0.00000 1006.00464 0.00000 49745.66408 0.00000
1.18909 10709.31598 0.00000 986.14416 0.00000 48849.33384 0.00000
1.19066 10554.64042 0.00000 965.21494 0.00000 47926.97472 0.00000
1.19223 10385.29424 0.00000 943.21741 0.00000 46974.07945 0.00000
1.19381 10201.25655 0.00000 920.15541 0.00000 45986.69776 0.00000
1.19538 10002.55436 0.00000 896.03531 0.00000 44961.38762 0.00000
1.19695 9789.25209 0.00000 870.86511 0.00000 43895.16126 0.00000
1.19852 9561.44064 0.00000 844.65343 0.00000 42785.42610 0.00000
1.20009 9319.22575 0.00000 817.40840 0.00000 41629.92021 0.00000
1.20166 9062.71520 0.00000 789.13634 0.00000 40426.64127 0.00000
1.20323 8792.00435 0.00000 759.84018 0.00000 39173.76719 0.00000
1.20480 8507.15924 0.00000 729.51759 0.00000 37869.56573 0.00000
1.20637 8208.19623 0.00000 698.15852 0.00000 36512.28881 0.00000
1.20794 7895.05679 0.00000 665.74209 0.00000 35100.04536 0.00000
1.20951 7567.57464 0.00000 632.42079 0.00000 33630.65485 0.00000
1.21108 7225.43362 0.00000 598.32546 0.00000 32101.43139 0.00000
1.21265 6868.10943 0.00000 563.56514 0.00000 30508.91166 0.00000
1.21423 6494.78734 0.00000 528.22603 0.00000 28848.47649 0.00000
1.21580 6104.24148 0.00000 492.36902 0.00000 27113.80170 0.00000
1.21737 5694.64980 0.00000 456.02533 0.00000 25296.02336 0.00000
1.21894 5263.29591 0.00000 419.18896 0.00000 23382.39925 0.00000
1.22051 4806.05794 0.00000 381.80397 0.00000 21354.02170 0.00000
1.22208 4377.09817 0.00000 346.83718 0.00000 19450.88235 0.00000
1.22365 3975.50226 0.00000 314.20081 0.00000 17668.90280 0.00000
1.22522 3600.33997 0.00000 283.80637 0.00000 16003.93711 0.00000
1.22679 3250.66745 0.00000 255.56487 0.00000 14451.78139 0.00000
1.22836 2925.52957 0.00000 229.38701 0.00000 13008.18388 0.00000
1.22993 2623.96236 0.00000 205.18344 0.00000 11668.85535 0.00000
1.23150 2344.99558 0.00000 182.86488 0.00000 10429.47995 0.00000
1.23308 2087.65535 0.00000 162.34242 0.00000 9285.72636 0.00000
1.23465 1850.96692 0.00000 143.52770 0.00000 8233.25937 0.00000
1.23622 1633.95755 0.00000 126.33316 0.00000 7267.75166 0.00000
1.23779 1435.65944 0.00000 110.67222 0.00000 6384.89610 0.00000
1.23936 1255.11287 0.00000 96.45958 0.00000 5580.41828 0.00000
1.24093 1091.36947 0.00000 83.61140 0.00000 4850.08952 0.00000
1.24250 943.49570 0.00000 72.04555 0.00000 4189.74049 0.00000
1.24407 810.57658 0.00000 61.68187 0.00000 3595.27552 0.00000
1.24564 691.71980 0.00000 52.44243 0.00000 3062.68804 0.00000
1.24721 586.06030 0.00000 44.25177 0.00000 2588.07763 0.00000
1.24878 492.76538 0.00000 37.03720 0.00000 2167.66961 0.00000
1.25035 411.04057 0.00000 30.72910 0.00000 1797.83838 0.00000
1.25192 340.13585 0.00000 25.26122 0.00000 1475.13660 0.00000
1.25350 279.35167 0.00000 20.57094 0.00000 1196.33281 0.00000
1.25507 228.04184 0.00000 16.59941 0.00000 958.46038 0.00000
1.25664 185.60698 0.00000 13.29128 0.00000 758.87700 0.00000
1.25821 151.46472 0.00000 10.59344 0.00000 595.31827 0.00000
1.25978 124.97593 0.00000 8.45725 0.00000 465.87924 0.00000
1.26135 105.31692 0.00000 6.83121 0.00000 368.72086 0.00000
1.26292 91.34291 0.00000 5.65125 0.00000 301.18150 0.00000
1.26449 81.56775 0.00000 4.83067 0.00000 258.34447 0.00000
1.26606 74.34667 0.00000 4.26045 0.00000 232.43259 0.00000
1.26763 68.15183 0.00000 3.82560 0.00000 214.43617 0.00000
1.26920 61.73165 0.00000 3.42535 0.00000 196.45059 0.00000
1.27077 54.05775 0.00000 2.97967 0.00000 172.23770 0.00000
1.27235 47.17878 0.00000 2.58290 0.00000 150.50771 0.00000
1.27392 41.03247 0.00000 2.23088 0.00000 131.06874 0.00000
1.27549 35.55926 0.00000 1.91965 0.00000 113.73703 0.00000
1.27706 30.70236 0.00000 1.64548 0.00000 98.33719 0.00000
1.27863 26.40784 0.00000 1.40485 0.00000 84.70237 0.00000
1.28020 22.62466 0.00000 1.19448 0.00000 72.67451 0.00000
1.28177 19.30471 0.00000 1.01129 0.00000 62.10438 0.00000
1.28334 16.40281 0.00000 0.85244 0.00000 52.85164 0.00000
1.28491 13.87670 0.00000 0.71527 0.00000 44.78485 0.00000
1.28648 11.68703 0.00000 0.59735 0.00000 37.78141 0.00000
1.28805 9.79730 0.00000 0.49644 0.00000 31.72744 0.00000
1.28962 8.17381 0.00000 0.41050 0.00000 26.51760 0.00000
1.29119 6.78558 0.00000 0.33766 0.00000 22.05492 0.00000
1.29277 5.60427 0.00000 0.27625 0.00000 18.25054 0.00000
1.29434 4.60409 0.00000 0.22473 0.00000 15.02338 0.00000
1.29591 3.76164 0.00000 0.18176 0.00000 12.29987 0.00000
1.29748 3.05586 0.00000 0.14612 0.00000 10.01356 0.00000
1.29905 2.46786 0.00000 0.11672 0.00000 8.10476 0.00000
1.30062 1.98079 0.00000 0.09263 0.00000 6.52014 0.00000
1.30219 1.57971 0.00000 0.07301 0.00000 5.21229 0.00000
1.30376 1.25144 0.00000 0.05713 0.00000 4.13932 0.00000
1.30533 0.98443 0.00000 0.04436 0.00000 3.26444 0.00000
1.30690 0.76864 0.00000 0.03416 0.00000 2.55549 0.00000
1.30847 0.59533 0.00000 0.02608 0.00000 1.98456 0.00000
1.31004 0.45699 0.00000 0.01971 0.00000 1.52751 0.00000
1.31161 0.34718 0.00000 0.01472 0.00000 1.16361 0.00000
1.31319 0.26038 0.00000 0.01085 0.00000 0.87503 0.00000
1.31476 0.19188 0.00000 0.00784 0.00000 0.64647 0.00000
1.31633 0.13755 0.00000 0.00550 0.00000 0.46453 0.00000
1.31790 0.09360 0.00000 0.00365 0.00000 0.31674 0.00000
1.31947 0.05565 0.00000 0.00211 0.00000 0.18865 0.00000
1.32104 0.00000 0.00000 0.00000 0.00000 0.00000 0.00000
1.32261 0.00000 0.00000 0.00000 0.00000 0.00000 0.00000
1.32418 0.00000 0.00000 0.00000 0.00000 0.00000 0.00000
1.32575 0.00000 0.00000 0.00000 0.00000 0.00000 0.00000
1.32732 0.00000 0.00000 0.00000 0.00000 0.00000 0.00000
1.32889 0.00000 0.00000 0.00000 0.00000 0.00000 0.00000
1.33046 0.00000 0.00000 0.00000 0.00000 0.00000 0.00000
1.33204 0.00000 0.00000 0.00000 0.00000 0.00000 0.00000
1.33361 0.00000 0.00000 0.00000 0.00000 0.00000 0.00000
1.33518 0.00000 0.00000 0.00000 0.00000 0.00000 0.00000
1.33675 0.00000 0.00000 0.00000 0.00000 0.00000 0.00000
1.33832 0.00000 0.00000 0.00000 0.00000 0.00000 0.00000
1.33989 0.00000 0.00000 0.00000 0.00000 0.00000 0.00000
1.34146 0.00000 0.00000 0.00000 0.00000 0.00000 0.00000
1.34303 0.00000 0.00000 0.00000 0.00000 0.00000 0.00000
1.34460 0.00000 0.00000 0.00000 0.00000 0.00000 0.00000
1.34617 0.00000 0.00000 0.00000 0.00000 0.00000 0.00000
1.34774 0.00000 0.00000 0.00000 0.00000 0.00000 0.00000
1.34931 0.00000 0.00000 0.00000 0.00000 0.00000 0.00000
1.35088 0.00000 0.00000 0.00000 0.00000 0.00000 0.00000
1.35246 0.00000 0.00000 0.00000 0.00000 0.00000 0.00000
1.35403 0.00000 0.00000 0.00000 0.00000 0.00000 0.00000
1.35560 0.00000 0.00000 0.00000 0.00000 0.00000 0.00000
1.35717 0.00000 0.00000 0.00000 0.00000 0.00000 0.00000
1.35874 0.00000 0.00000 0.00000 0.00000 0.00000 0.00000
1.36031 0.00000 0.00000 0.00000 0.00000 0.00000 0.00000
1.36188 0.00000 0.00000 0.00000 0.00000 0.00000 0.00000
1.36345 0.00000 0.00000 0.00000 0.00000 0.00000 0.00000
1.36502 0.00000 0.00000 0.00000 0.00000 0.00000 0.00000
1.36659 0.00000 0.00000 0.00000 0.00000 0.00000 0.00000
1.36816 0.00000 0.00000 0.00000 0.00000 0.00000 0.00000
1.36973 0.00000 0.00000 0.00000 0.00000 0.00000 0.00000
1.37131 0.00000 0.00000 0.00000 0.00000 0.00000 0.00000
1.37288 0.00000 0.00000 0.00000 0.00000 0.00000 0.00000
1.37445 0.00000 0.00000 0.00000 0.00000 0.00000 0.00000
1.37602 0.00000 0.00000 0.00000 0.00000 0.00000 0.00000
1.37759 0.00000 0.00000 0.00000 0.00000 0.00000 0.00000
1.37916 0.00000 0.00000 0.00000 0.00000 0.00000 0.00000
1.38073 0.00000 0.00000 0.00000 0.00000 0.00000 0.00000
1.38230 0.00000 0.00000 0.00000 0.00000 0.00000 0.00000
1.38387 0.00000 0.00000 0.00000 0.00000 0.00000 0.00000
1.38544 0.00000 0.00000 0.00000 0.00000 0.00000 0.00000
1.38701 0.00000 0.00000 0.00000 0.00000 0.00000 0.00000
1.38858 0.00000 0.00000 0.00000 0.00000 0.00000 0.00000
1.39015 0.00000 0.00000 0.00000 0.00000 0.00000 0.00000
1.39173 0.00000 0.00000 0.00000 0.00000 0.00000 0.00000
1.39330 0.00000 0.00000 0.00000 0.00000 0.00000 0.00000
1.39487 0.00000 0.00000 0.00000 0.00000 0.00000 0.00000
1.39644 0.00000 0.00000 0.00000 0.00000 0.00000 0.00000
1.39801 0.00000 0.00000 0.00000 0.00000 0.00000 0.00000
1.39958 0.00000 0.00000 0.00000 0.00000 0.00000 0.00000
1.40115 0.00000 0.00000 0.00000 0.00000 0.00000 0.00000
1.40272 0.00000 0.00000 0.00000 0.00000 0.00000 0.00000
1.40429 0.00000 0.00000 0.00000 0.00000 0.00000 0.00000
1.40586 0.00000 0.00000 0.00000 0.00000 0.00000 0.00000
1.40743 0.00000 0.00000 0.00000 0.00000 0.00000 0.00000
1.40900 0.00000 0.00000 0.00000 0.00000 0.00000 0.00000
1.41058 0.00000 0.00000 0.00000 0.00000 0.00000 0.00000
1.41215 0.00000 0.00000 0.00000 0.00000 0.00000 0.00000
1.41372 0.00000 0.00000 0.00000 0.00000 0.00000 0.00000
1.41529 0.00000 0.00000 0.00000 0.00000 0.00000 0.00000
1.41686 0.00000 0.00000 0.00000 0.00000 0.00000 0.00000
1.41843 0.00000 0.00000 0.00000 0.00000 0.00000 0.00000
1.42000 0.00000 0.00000 0.00000 0.00000 0.00000 0.00000
1.42157 0.00000 0.00000 0.00000 0.00000 0.00000 0.00000
1.42314 0.00000 0.00000 0.00000 0.00000 0.00000 0.00000
1.42471 0.00000 0.00000 0.00000 0.00000 0.00000 0.00000
1.42628 0.00000 0.00000 0.00000 0.00000 0.00000 0.00000
1.42785 0.00000 0.00000 0.00000 0.00000 0.00000 0.00000
1.42942 0.00000 0.00000 0.00000 0.00000 0.00000 0.00000
1.43100 0.00000 0.00000 0.00000 0.00000 0.00000 0.00000
1.43257 0.00000 0.00000 0.00000 0.00000 0.00000 0.00000
1.43414 0.00000 0.00000 0.00000 0.00000 0.00000 0.00000
1.43571 0.00000 0.00000 0.00000 0.00000 0.00000 0.00000
1.43728 0.00000 0.00000 0.00000 0.00000 0.00000 0.00000
1.43885 0.00000 0.00000 0.00000 0.00000 0.00000 0.00000
1.44042 0.00000 0.00000 0.00000 0.00000 0.00000 0.00000
1.44199 0.00000 0.00000 0.00000 0.00000 0.00000 0.00000
1.44356 0.00000 0.00000 0.00000 0.00000 0.00000 0.00000
1.44513 0.00000 0.00000 0.00000 0.00000 0.00000 0.00000
1.44670 0.00000 0.00000 0.00000 0.00000 0.00000 0.00000
1.44827 0.00000 0.00000 0.00000 0.00000 0.00000 0.00000
1.44985 0.00000 0.00000 0.00000 0.00000 0.00000 0.00000
1.45142 0.00000 0.00000 0.00000 0.00000 0.00000 0.00000
1.45299 0.00000 0.00000 0.00000 0.00000 0.00000 0.00000
1.45456 0.00000 0.00000 0.00000 0.00000 0.00000 0.00000
1.45613 0.00000 0.00000 0.00000 0.00000 0.00000 0.00000
1.45770 0.00000 0.00000 0.00000 0.00000 0.00000 0.00000
1.45927 0.00000 0.00000 0.00000 0.00000 0.00000 0.00000
1.46084 0.00000 0.00000 0.00000 0.00000 0.00000 0.00000
1.46241 0.00000 0.00000 0.00000 0.00000 0.00000 0.00000
1.46398 0.00000 0.00000 0.00000 0.00000 0.00000 0.00000
1.46555 0.00000 0.00000 0.00000 0.00000 0.00000 0.00000
1.46712 0.00000 0.00000 0.00000 0.00000 0.00000 0.00000
1.46869 0.00000 0.00000 0.00000 0.00000 0.00000 0.00000
1.47027 0.00000 0.00000 0.00000 0.00000 0.00000 0.00000
1.47184 0.00000 0.00000 0.00000 0.00000 0.00000 0.00000
1.47341 0.00000 0.00000 0.00000 0.00000 0.00000 0.00000
1.47498 0.00000 0.00000 0.00000 0.00000 0.00000 0.00000
1.47655 0.00000 0.00000 0.00000 0.00000 0.00000 0.00000
1.47812 0.00000 0.00000 0.00000 0.00000 0.00000 0.00000
1.47969 0.00000 0.00000 0.00000 0.00000 0.00000 0.00000
1.48126 0.00000 0.00000 0.00000 0.00000 0.00000 0.00000
1.48283 0.00000 0.00000 0.00000 0.00000 0.00000 0.00000
1.48440 0.00000 0.00000 0.00000 0.00000 0.00000 0.00000
1.48597 0.00000 0.00000 0.00000 0.00000 0.00000 0.00000
1.48754 0.00000 0.00000 0.00000 0.00000 0.00000 0.00000
1.48911 0.00000 0.00000 0.00000 0.00000 0.00000 0.00000
1.49069 0.00000 0.00000 0.00000 0.00000 0.00000 0.00000
1.49226 0.00000 0.00000 0.00000 0.00000 0.00000 0.00000
1.49383 0.00000 0.00000 0.00000 0.00000 0.00000 0.00000
1.49540 0.00000 0.00000 0.00000 0.00000 0.00000 0.00000
1.49697 0.00000 0.00000 0.00000 0.00000 0.00000 0.00000
1.49854 0.00000 0.00000 0.00000 0.00000 0.00000 0.00000
1.50011 0.00000 0.00000 0.00000 0.00000 0.00000 0.00000
1.50168 0.00000 0.00000 0.00000 0.00000 0.00000 0.00000
1.50325 0.00000 0.00000 0.00000 0.00000 0.00000 0.00000
1.50482 0.00000 0.00000 0.00000 0.00000 0.00000 0.00000
1.50639 0.00000 0.00000 0.00000 0.00000 0.00000 0.00000
1.50796 0.00000 0.00000 0.00000 0.00000 0.00000 0.00000
1.50954 0.00000 0.00000 0.00000 0.00000 0.00000 0.00000
1.51111 0.00000 0.00000 0.00000 0.00000 0.00000 0.00000
1.51268 0.00000 0.00000 0.00000 0.00000 0.00000 0.00000
1.51425 0.00000 0.00000 0.00000 0.00000 0.00000 0.00000
1.51582 0.00000 0.00000 0.00000 0.00000 0.00000 0.00000
1.51739 0.00000 0.00000 0.00000 0.00000 0.00000 0.00000
1.51896 0.00000 0.00000 0.00000 0.00000 0.00000 0.00000
1.52053 0.00000 0.00000 0.00000 0.00000 0.00000 0.00000
1.52210 0.00000 0.00000 0.00000 0.00000 0.00000 0.00000
1.52367 0.00000 0.00000 0.00000 0.00000 0.00000 0.00000
1.52524 0.00000 0.00000 0.00000 0.00000 0.00000 0.00000
1.52681 0.00000 0.00000 0.00000 0.00000 0.00000 0.00000
1.52838 0.00000 0.00000 0.00000 0.00000 0.00000 0.00000
1.52996 0.00000 0.00000 0.00000 0.00000 0.00000 0.00000
1.53153 0.00000 0.00000 0.00000 0.00000 0.00000 0.00000
1.53310 0.00000 0.00000 0.00000 0.00000 0.00000 0.00000
1.53467 0.00000 0.00000 0.00000 0.00000 0.00000 0.00000
1.53624 0.00000 0.00000 0.00000 0.00000 0.00000 0.00000
1.53781 0.00000 0.00000 0.00000 0.00000 0.00000 0.00000
1.53938 0.00000 0.00000 0.00000 0.00000 0.00000 0.00000
1.54095 0.00000 0.00000 0.00000 0.00000 0.00000 0.00000
1.54252 0.00000 0.00000 0.00000 0.00000 0.00000 0.00000
1.54409 0.00000 0.00000 0.00000 0.00000 0.00000 0.00000
1.54566 0.00000 0.00000 0.00000 0.00000 0.00000 0.00000
1.54723 0.00000 0.00000 0.00000 0.00000 0.00000 0.00000
1.54881 0.00000 0.00000 0.00000 0.00000 0.00000 0.00000
1.55038 0.00000 0.00000 0.00000 0.00000 0.00000 0.00000
1.55195 0.00000 0.00000 0.00000 0.00000 0.00000 0.00000
1.55352 0.00000 0.00000 0.00000 0.00000 0.00000 0.00000
1.55509 0.00000 0.00000 0.00000 0.00000 0.00000 0.00000
1.55666 0.00000 0.00000 0.00000 0.00000 0.00000 0.00000
1.55823 0.00000 0.00000 0.00000 0.00000 0.00000 0.00000
1.55980 0.00000 0.00000 0.00000 0.00000 0.00000 0.00000
1.56137 0.00000 0.00000 0.00000 0.00000 0.00000 0.00000
1.56294 0.00000 0.00000 0.00000 0.00000 0.00000 0.00000
1.56451 0.00000 0.00000 0.00000 0.00000 0.00000 0.00000
1.56608 0.00000 0.00000 0.00000 0.00000 0.00000 0.00000
1.56765 0.00000 0.00000 0.00000 0.00000 0.00000 0.00000
1.56923 0.00000 0.00000 0.00000 0.00000 0.00000 0.00000
1.57080 0.00000 0.00000 0.00000 0.00000 0.00000 0.00000
